25,32,34,32,25,24,48,32,25,16,50,32,9,32,14,32,9,24,32,32,9,16,12,33,0,101,162,1,0,67,162,1,0,99,162,1,0,65,162,1,0,0,0,0,0,0,0,0,0,0,0,0,0,0,0,0,0,0,0,0,0,0,0,0,0,0,0,0,0,0,0,0,0,0,0,0,0,0,0,0,0,0,0,0,0,0,0,0,0,0,0,0,0,0,0,0,0,0,0,0,0,0,0,0,0,0,0,0,0,0,0,0,0,0,0,0,0,0,0,0,0,0,0,0,0,0,0,0,0,0,0,0,0,0,0,0,0,0,0,0,0,0,0,0,0,0,0,0,0,0,0,0,0,0,0,0,0,0,0,0,0,1,0,5,6,214,16,20,59,2
56,24,34,32,56,16,48,32,56,8,50,32,40,24,30,32,40,16,32,32,40,8,28,33,0,101,162,1,0,67,162,1,0,99,162,1,0,65,162,1,0,0,0,0,0,0,0,0,0,0,0,0,0,0,0,0,0,0,0,0,0,0,0,0,0,0,0,0,0,0,0,0,0,0,0,0,0,0,0,0,0,0,0,0,0,0,0,0,0,0,0,0,0,0,0,0,0,0,0,0,0,0,0,0,0,0,0,0,0,0,0,0,0,0,0,0,0,0,0,0,0,0,0,0,0,0,0,0,0,0,0,0,0,0,0,0,0,0,0,0,0,0,0,0,0,0,0,0,0,0,0,0,0,0,0,0,0,0,0,0,0,1,0,5,6,84,48,12,154,5
96,20,2,32,96,12,18,33,0,37,130,1,0,24,30,32,0,16,32,32,0,8,64,33,0,249,92,32,0,1,76,33,0,99,162,1,0,65,162,1,0,0,0,0,0,0,0,0,0,0,0,0,0,0,0,0,0,0,0,0,0,0,0,0,0,0,0,0,0,0,0,0,0,0,0,0,0,0,0,0,0,0,0,0,0,0,0,0,0,0,0,0,0,0,0,0,0,0,0,0,0,0,0,0,0,0,0,0,0,0,0,0,0,0,0,0,0,0,0,0,0,0,0,0,0,0,0,0,0,0,0,0,0,0,0,0,0,0,0,0,0,0,0,0,0,0,0,0,0,0,0,0,0,0,0,0,0,0,0,0,0,1,0,5,6,188,96,12,154,0
38,18,34,0,38,26,48,0,38,34,50,0,22,18,14,0,22,26,32,0,22,34,12,1,0,249,92,32,0,1,76,33,0,99,162,1,0,65,162,1,0,0,0,0,0,0,0,0,0,0,0,0,0,0,0,0,0,0,0,0,0,0,0,0,0,0,0,0,0,0,0,0,0,0,0,0,0,0,0,0,0,0,0,0,0,0,0,0,0,0,0,0,0,0,0,0,0,0,0,0,0,0,0,0,0,0,0,0,0,0,0,0,0,0,0,0,0,0,0,0,0,0,0,0,0,0,0,0,0,0,0,0,0,0,0,0,0,0,0,0,0,0,0,0,0,0,0,0,0,0,0,0,0,0,0,0,0,0,0,0,0,1,0,5,6,223,29,22,159,3
24,27,34,32,24,19,48,32,24,11,50,32,8,27,30,32,8,19,32,32,8,11,28,33,0,249,92,32,0,1,76,33,0,99,162,1,0,65,162,1,0,0,0,0,0,0,0,0,0,0,0,0,0,0,0,0,0,0,0,0,0,0,0,0,0,0,0,0,0,0,0,0,0,0,0,0,0,0,0,0,0,0,0,0,0,0,0,0,0,0,0,0,0,0,0,0,0,0,0,0,0,0,0,0,0,0,0,0,0,0,0,0,0,0,0,0,0,0,0,0,0,0,0,0,0,0,0,0,0,0,0,0,0,0,0,0,0,0,0,0,0,0,0,0,0,0,0,0,0,0,0,0,0,0,0,0,0,0,0,0,0,1,0,5,6,29,16,15,40,2
48,30,34,0,48,38,48,0,48,46,50,0,32,30,14,0,32,38,32,0,32,46,12,1,0,249,92,32,0,1,76,33,0,99,162,1,0,65,162,1,0,0,0,0,0,0,0,0,0,0,0,0,0,0,0,0,0,0,0,0,0,0,0,0,0,0,0,0,0,0,0,0,0,0,0,0,0,0,0,0,0,0,0,0,0,0,0,0,0,0,0,0,0,0,0,0,0,0,0,0,0,0,0,0,0,0,0,0,0,0,0,0,0,0,0,0,0,0,0,0,0,0,0,0,0,0,0,0,0,0,0,0,0,0,0,0,0,0,0,0,0,0,0,0,0,0,0,0,0,0,0,0,0,0,0,0,0,0,0,0,0,1,0,5,6,215,39,34,126,9
86,38,34,0,86,46,48,0,86,54,50,0,70,38,14,0,70,46,32,0,70,54,12,1,0,249,92,32,0,1,76,33,0,99,162,1,0,65,162,1,0,0,0,0,0,0,0,0,0,0,0,0,0,0,0,0,0,0,0,0,0,0,0,0,0,0,0,0,0,0,0,0,0,0,0,0,0,0,0,0,0,0,0,0,0,0,0,0,0,0,0,0,0,0,0,0,0,0,0,0,0,0,0,0,0,0,0,0,0,0,0,0,0,0,0,0,0,0,0,0,0,0,0,0,0,0,0,0,0,0,0,0,0,0,0,0,0,0,0,0,0,0,0,0,0,0,0,0,0,0,0,0,0,0,0,0,0,0,0,0,0,1,0,5,6,75,77,42,31,5
104,88,50,0,104,72,34,0,104,80,48,0,88,88,28,0,88,80,32,0,88,72,30,1,0,249,92,32,0,1,76,33,0,99,162,1,0,65,162,1,0,0,0,0,0,0,0,0,0,0,0,0,0,0,0,0,0,0,0,0,0,0,0,0,0,0,0,0,0,0,0,0,0,0,0,0,0,0,0,0,0,0,0,0,0,0,0,0,0,0,0,0,0,0,0,0,0,0,0,0,0,0,0,0,0,0,0,0,0,0,0,0,0,0,0,0,0,0,0,0,0,0,0,0,0,0,0,0,0,0,0,0,0,0,0,0,0,0,0,0,0,0,0,0,0,0,0,0,0,0,0,0,0,0,0,0,0,0,0,0,0,1,0,5,6,79,96,76,2103,9
36,88,50,0,36,72,34,0,36,80,48,0,20,88,28,0,20,80,32,0,20,72,30,1,0,249,92,32,0,1,76,33,0,99,162,1,0,65,162,1,0,0,0,0,0,0,0,0,0,0,0,0,0,0,0,0,0,0,0,0,0,0,0,0,0,0,0,0,0,0,0,0,0,0,0,0,0,0,0,0,0,0,0,0,0,0,0,0,0,0,0,0,0,0,0,0,0,0,0,0,0,0,0,0,0,0,0,0,0,0,0,0,0,0,0,0,0,0,0,0,0,0,0,0,0,0,0,0,0,0,0,0,0,0,0,0,0,0,0,0,0,0,0,0,0,0,0,0,0,0,0,0,0,0,0,0,0,0,0,0,1,1,0,5,6,237,28,76,12654,3
24,88,50,0,24,72,34,0,24,80,48,0,8,88,28,0,8,80,32,0,8,72,30,1,96,149,154,0,96,141,142,1,0,99,162,1,0,65,162,1,0,0,0,0,0,0,0,0,0,0,0,0,0,0,0,0,0,0,0,0,0,0,0,0,0,0,0,0,0,0,0,0,0,0,0,0,0,0,0,0,0,0,0,0,0,0,0,0,0,0,0,0,0,0,0,0,0,0,0,0,0,0,0,0,0,0,0,0,0,0,0,0,0,0,0,0,0,0,0,0,0,0,0,0,0,0,0,0,0,0,0,0,0,0,0,0,0,0,0,0,0,0,0,0,0,0,0,0,0,0,0,0,0,0,0,0,0,0,0,0,1,1,0,5,6,220,16,76,23589,3
25,72,34,0,25,80,48,0,25,88,50,0,9,72,14,0,9,80,32,0,9,88,12,1,96,91,154,0,96,83,142,1,96,134,152,0,96,126,140,1,0,0,0,0,0,0,0,0,0,0,0,0,0,0,0,0,0,0,0,0,0,0,0,0,0,0,0,0,0,0,0,0,0,0,0,0,0,0,0,0,0,0,0,0,0,0,0,0,0,0,0,0,0,0,0,0,0,0,0,0,0,0,0,0,0,0,0,0,0,0,0,0,0,0,0,0,0,0,0,0,0,0,0,0,0,0,0,0,0,0,0,0,0,0,0,0,0,0,0,0,0,0,0,0,0,0,0,0,0,0,0,0,0,0,0,0,0,0,0,0,1,1,0,5,6,126,16,76,34716,3
25,72,34,0,25,80,48,0,25,88,50,0,9,72,14,0,9,80,32,0,9,88,12,1,96,33,152,0,96,25,140,1,96,75,152,0,96,67,140,1,80,145,152,32,80,153,140,33,44,171,206,0,44,163,200,1,0,0,0,0,0,0,0,0,0,0,0,0,0,0,0,0,0,0,0,0,0,0,0,0,0,0,0,0,0,0,0,0,0,0,0,0,0,0,0,0,0,0,0,0,0,0,0,0,0,0,0,0,0,0,0,0,0,0,0,0,0,0,0,0,0,0,0,0,0,0,0,0,0,0,0,0,0,0,0,0,0,0,0,0,0,0,0,0,0,0,0,0,0,0,0,0,0,0,0,0,0,0,0,0,1,1,0,5,6,32,16,76,45843,3
24,88,50,0,24,72,34,0,24,80,48,0,8,88,28,0,8,80,32,0,8,72,30,1,96,19,154,0,96,11,142,1,80,130,152,0,80,122,140,1,47,96,204,0,47,88,198,1,0,127,206,0,0,119,200,1,0,0,0,0,0,0,0,0,0,0,0,0,0,0,0,0,0,0,0,0,0,0,0,0,0,0,0,0,0,0,0,0,0,0,0,0,0,0,0,0,0,0,0,0,0,0,0,0,0,0,0,0,0,0,0,0,0,0,0,0,0,0,0,0,0,0,0,0,0,0,0,0,0,0,0,0,0,0,0,0,0,0,0,0,0,0,0,0,0,0,0,0,0,0,0,0,0,0,0,0,0,0,0,0,1,1,0,5,6,92,16,76,56586,3
24,88,50,0,24,72,34,0,24,80,48,0,8,88,28,0,8,80,32,0,8,72,30,1,80,63,152,32,80,71,140,33,44,15,206,0,44,7,200,1,67,137,206,0,67,129,200,1,0,165,202,0,0,157,198,1,0,0,0,0,0,0,0,0,0,0,0,0,0,0,0,0,0,0,0,0,0,0,0,0,0,0,0,0,0,0,0,0,0,0,0,0,0,0,0,0,0,0,0,0,0,0,0,0,0,0,0,0,0,0,0,0,0,0,0,0,0,0,0,0,0,0,0,0,0,0,0,0,0,0,0,0,0,0,0,0,0,0,0,0,0,0,0,0,0,0,0,0,0,0,0,0,0,0,0,0,0,0,0,0,1,1,0,5,6,75,16,76,1985,3
24,88,50,0,24,72,34,0,24,80,48,0,8,88,28,0,8,80,32,0,8,72,30,1,80,40,154,0,80,32,142,1,80,94,202,0,80,86,198,1,0,128,206,0,0,120,200,1,0,165,202,0,0,157,198,1,0,0,0,0,0,0,0,0,0,0,0,0,0,0,0,0,0,0,0,0,0,0,0,0,0,0,0,0,0,0,0,0,0,0,0,0,0,0,0,0,0,0,0,0,0,0,0,0,0,0,0,0,0,0,0,0,0,0,0,0,0,0,0,0,0,0,0,0,0,0,0,0,0,0,0,0,0,0,0,0,0,0,0,0,0,0,0,0,0,0,0,0,0,0,0,0,0,0,0,0,0,0,0,0,1,1,0,5,6,58,16,76,12920,3
25,72,34,0,25,80,48,0,25,88,50,0,9,72,14,0,9,80,32,0,9,88,12,1,47,163,158,0,47,155,156,1,80,51,202,0,80,43,198,1,0,128,206,0,0,120,200,1,0,165,202,0,0,157,198,1,0,0,0,0,0,0,0,0,0,0,0,0,0,0,0,0,0,0,0,0,0,0,0,0,0,0,0,0,0,0,0,0,0,0,0,0,0,0,0,0,0,0,0,0,0,0,0,0,0,0,0,0,0,0,0,0,0,0,0,0,0,0,0,0,0,0,0,0,0,0,0,0,0,0,0,0,0,0,0,0,0,0,0,0,0,0,0,0,0,0,0,0,0,0,0,0,0,0,0,0,0,0,0,0,1,1,0,5,6,220,16,76,24047,3
24,88,50,0,24,72,34,0,24,80,48,0,8,88,28,0,8,80,32,0,8,72,30,1,73,121,162,0,73,113,160,1,96,135,152,32,96,143,140,33,65,9,206,0,65,1,200,1,0,165,202,0,0,157,198,1,0,0,0,0,0,0,0,0,0,0,0,0,0,0,0,0,0,0,0,0,0,0,0,0,0,0,0,0,0,0,0,0,0,0,0,0,0,0,0,0,0,0,0,0,0,0,0,0,0,0,0,0,0,0,0,0,0,0,0,0,0,0,0,0,0,0,0,0,0,0,0,0,0,0,0,0,0,0,0,0,0,0,0,0,0,0,0,0,0,0,0,0,0,0,0,0,0,0,0,0,0,0,0,0,1,1,0,5,6,24,16,76,34790,3
25,72,34,0,25,80,48,0,25,88,50,0,9,72,14,0,9,80,32,0,9,88,12,1,76,77,162,0,76,69,160,1,96,95,154,0,96,87,142,1,0,0,206,0,0,248,200,1,0,165,202,0,0,157,198,1,0,0,0,0,0,0,0,0,0,0,0,0,0,0,0,0,0,0,0,0,0,0,0,0,0,0,0,0,0,0,0,0,0,0,0,0,0,0,0,0,0,0,0,0,0,0,0,0,0,0,0,0,0,0,0,0,0,0,0,0,0,0,0,0,0,0,0,0,0,0,0,0,0,0,0,0,0,0,0,0,0,0,0,0,0,0,0,0,0,0,0,0,0,0,0,0,0,0,0,0,0,0,0,0,1,1,0,5,6,186,16,76,45917,3
24,88,50,0,24,72,34,0,24,80,48,0,8,88,28,0,8,80,32,0,8,72,30,1,51,34,162,0,51,26,160,1,96,55,154,32,96,63,142,33,0,0,206,0,0,248,200,1,0,165,202,0,0,157,198,1,0,0,0,0,0,0,0,0,0,0,0,0,0,0,0,0,0,0,0,0,0,0,0,0,0,0,0,0,0,0,0,0,0,0,0,0,0,0,0,0,0,0,0,0,0,0,0,0,0,0,0,0,0,0,0,0,0,0,0,0,0,0,0,0,0,0,0,0,0,0,0,0,0,0,0,0,0,0,0,0,0,0,0,0,0,0,0,0,0,0,0,0,0,0,0,0,0,0,0,0,0,0,0,0,1,1,0,5,6,169,16,76,56852,3
25,72,34,0,25,80,48,0,25,88,50,0,9,72,14,0,9,80,32,0,9,88,12,1,96,251,152,32,96,3,140,33,91,153,218,0,91,145,216,1,0,163,218,0,0,155,216,1,0,165,202,0,0,157,198,1,0,0,0,0,0,0,0,0,0,0,0,0,0,0,0,0,0,0,0,0,0,0,0,0,0,0,0,0,0,0,0,0,0,0,0,0,0,0,0,0,0,0,0,0,0,0,0,0,0,0,0,0,0,0,0,0,0,0,0,0,0,0,0,0,0,0,0,0,0,0,0,0,0,0,0,0,0,0,0,0,0,0,0,0,0,0,0,0,0,0,0,0,0,0,0,0,0,0,0,0,0,0,0,0,1,1,0,5,6,75,16,76,2443,3
25,72,34,0,25,80,48,0,25,88,50,0,9,72,14,0,9,80,32,0,9,88,12,1,96,93,218,32,96,101,216,33,0,138,218,32,0,146,216,33,0,163,218,0,0,155,216,1,0,165,202,0,0,157,198,1,0,0,0,0,0,0,0,0,0,0,0,0,0,0,0,0,0,0,0,0,0,0,0,0,0,0,0,0,0,0,0,0,0,0,0,0,0,0,0,0,0,0,0,0,0,0,0,0,0,0,0,0,0,0,0,0,0,0,0,0,0,0,0,0,0,0,0,0,0,0,0,0,0,0,0,0,0,0,0,0,0,0,0,0,0,0,0,0,0,0,0,0,0,0,0,0,0,0,0,0,0,0,0,0,1,1,0,5,6,237,16,76,13570,3
24,88,50,0,24,72,34,0,24,80,48,0,8,88,28,0,8,80,32,0,8,72,30,1,94,58,218,0,94,50,216,1,29,147,158,0,29,139,156,1,96,171,218,0,96,163,216,1,0,165,202,0,0,157,198,1,0,0,0,0,0,0,0,0,0,0,0,0,0,0,0,0,0,0,0,0,0,0,0,0,0,0,0,0,0,0,0,0,0,0,0,0,0,0,0,0,0,0,0,0,0,0,0,0,0,0,0,0,0,0,0,0,0,0,0,0,0,0,0,0,0,0,0,0,0,0,0,0,0,0,0,0,0,0,0,0,0,0,0,0,0,0,0,0,0,0,0,0,0,0,0,0,0,0,0,0,0,0,0,0,1,1,0,5,6,118,16,76,24121,3
24,88,50,0,24,72,34,0,24,80,48,0,8,88,28,0,8,80,32,0,8,72,30,1,91,9,218,32,91,17,216,33,32,66,158,0,32,58,156,1,94,120,218,32,94,128,216,33,28,99,158,0,28,91,156,1,0,0,0,0,0,0,0,0,0,0,0,0,0,0,0,0,0,0,0,0,0,0,0,0,0,0,0,0,0,0,0,0,0,0,0,0,0,0,0,0,0,0,0,0,0,0,0,0,0,0,0,0,0,0,0,0,0,0,0,0,0,0,0,0,0,0,0,0,0,0,0,0,0,0,0,0,0,0,0,0,0,0,0,0,0,0,0,0,0,0,0,0,0,0,0,0,0,0,0,0,0,0,0,0,1,1,0,5,6,76,16,76,34480,3
24,88,50,0,24,72,34,0,24,80,48,0,8,88,28,0,8,80,32,0,8,72,30,1,96,88,218,0,96,80,216,1,28,13,162,0,28,5,160,1,0,33,158,0,0,25,156,1,0,55,158,0,0,47,156,1,0,0,0,0,0,0,0,0,0,0,0,0,0,0,0,0,0,0,0,0,0,0,0,0,0,0,0,0,0,0,0,0,0,0,0,0,0,0,0,0,0,0,0,0,0,0,0,0,0,0,0,0,0,0,0,0,0,0,0,0,0,0,0,0,0,0,0,0,0,0,0,0,0,0,0,0,0,0,0,0,0,0,0,0,0,0,0,0,0,0,0,0,0,0,0,0,0,0,0,0,0,0,0,0,1,1,0,5,6,59,16,76,45415,3
24,88,50,0,24,72,34,0,24,80,48,0,8,88,28,0,8,80,32,0,8,72,30,1,96,34,218,32,96,42,216,33,0,1,158,0,0,249,156,1,0,33,158,0,0,25,156,1,0,55,158,0,0,47,156,1,0,0,0,0,0,0,0,0,0,0,0,0,0,0,0,0,0,0,0,0,0,0,0,0,0,0,0,0,0,0,0,0,0,0,0,0,0,0,0,0,0,0,0,0,0,0,0,0,0,0,0,0,0,0,0,0,0,0,0,0,0,0,0,0,0,0,0,0,0,0,0,0,0,0,0,0,0,0,0,0,0,0,0,0,0,0,0,0,0,0,0,0,0,0,0,0,0,0,0,0,0,0,0,0,1,1,0,5,6,42,16,76,56350,3
25,72,34,0,25,80,48,0,25,88,50,0,9,72,14,0,9,80,32,0,9,88,12,1,80,153,202,0,80,145,198,1,96,2,218,0,96,250,216,1,0,33,158,0,0,25,156,1,0,55,158,0,0,47,156,1,0,0,0,0,0,0,0,0,0,0,0,0,0,0,0,0,0,0,0,0,0,0,0,0,0,0,0,0,0,0,0,0,0,0,0,0,0,0,0,0,0,0,0,0,0,0,0,0,0,0,0,0,0,0,0,0,0,0,0,0,0,0,0,0,0,0,0,0,0,0,0,0,0,0,0,0,0,0,0,0,0,0,0,0,0,0,0,0,0,0,0,0,0,0,0,0,0,0,0,0,0,0,0,0,1,1,0,5,6,204,16,76,1941,3
25,72,34,0,25,80,48,0,25,88,50,0,9,72,14,0,9,80,32,0,9,88,12,1,70,109,206,0,70,101,200,1,39,173,158,0,39,165,156,1,0,33,158,0,0,25,156,1,0,55,158,0,0,47,156,1,0,0,0,0,0,0,0,0,0,0,0,0,0,0,0,0,0,0,0,0,0,0,0,0,0,0,0,0,0,0,0,0,0,0,0,0,0,0,0,0,0,0,0,0,0,0,0,0,0,0,0,0,0,0,0,0,0,0,0,0,0,0,0,0,0,0,0,0,0,0,0,0,0,0,0,0,0,0,0,0,0,0,0,0,0,0,0,0,0,0,0,0,0,0,0,0,0,0,0,0,0,0,0,0,1,1,0,5,6,110,16,76,13068,3
24,88,50,0,24,72,34,0,24,80,48,0,8,88,28,0,8,80,32,0,8,72,30,1,80,67,202,0,80,59,198,1,68,131,158,0,68,123,156,1,96,141,152,0,96,133,140,1,0,55,158,0,0,47,156,1,0,0,0,0,0,0,0,0,0,0,0,0,0,0,0,0,0,0,0,0,0,0,0,0,0,0,0,0,0,0,0,0,0,0,0,0,0,0,0,0,0,0,0,0,0,0,0,0,0,0,0,0,0,0,0,0,0,0,0,0,0,0,0,0,0,0,0,0,0,0,0,0,0,0,0,0,0,0,0,0,0,0,0,0,0,0,0,0,0,0,0,0,0,0,0,0,0,0,0,0,0,0,0,0,1,1,0,5,6,93,16,76,24003,3
24,88,50,0,24,72,34,0,24,80,48,0,8,88,28,0,8,80,32,0,8,72,30,1,63,26,204,0,63,18,198,1,80,90,162,0,80,82,160,1,96,61,152,32,96,69,140,33,96,144,196,0,96,136,192,1,0,0,0,0,0,0,0,0,0,0,0,0,0,0,0,0,0,0,0,0,0,0,0,0,0,0,0,0,0,0,0,0,0,0,0,0,0,0,0,0,0,0,0,0,0,0,0,0,0,0,0,0,0,0,0,0,0,0,0,0,0,0,0,0,0,0,0,0,0,0,0,0,0,0,0,0,0,0,0,0,0,0,0,0,0,0,0,0,0,0,0,0,0,0,0,0,0,0,0,0,0,0,0,0,1,1,0,5,6,230,16,76,34554,3
25,72,34,0,25,80,48,0,25,88,50,0,9,72,14,0,9,80,32,0,9,88,12,1,62,51,162,0,62,43,160,1,96,84,154,32,96,92,142,33,95,103,196,32,95,111,192,33,96,145,218,32,96,153,216,33,0,169,218,0,0,161,216,1,0,0,0,0,0,0,0,0,0,0,0,0,0,0,0,0,0,0,0,0,0,0,0,0,0,0,0,0,0,0,0,0,0,0,0,0,0,0,0,0,0,0,0,0,0,0,0,0,0,0,0,0,0,0,0,0,0,0,0,0,0,0,0,0,0,0,0,0,0,0,0,0,0,0,0,0,0,0,0,0,0,0,0,0,0,0,0,0,0,0,0,0,0,0,0,0,1,1,0,5,6,86,16,76,44529,3
25,72,34,0,25,80,48,0,25,88,50,0,9,72,14,0,9,80,32,0,9,88,12,1,38,13,158,0,38,5,156,1,96,26,152,0,96,18,140,1,92,88,196,0,92,80,192,1,96,107,218,32,96,115,216,33,96,136,154,32,96,144,142,33,63,145,204,0,63,137,198,1,0,0,0,0,0,0,0,0,0,0,0,0,0,0,0,0,0,0,0,0,0,0,0,0,0,0,0,0,0,0,0,0,0,0,0,0,0,0,0,0,0,0,0,0,0,0,0,0,0,0,0,0,0,0,0,0,0,0,0,0,0,0,0,0,0,0,0,0,0,0,0,0,0,0,0,0,0,0,0,0,0,0,0,0,0,0,0,0,1,1,0,5,6,96,16,76,54120,3
24,88,50,0,24,72,34,0,24,80,48,0,8,88,28,0,8,80,32,0,8,72,30,1,95,26,194,0,95,18,190,1,96,81,218,0,96,73,216,1,96,113,154,0,96,105,142,1,60,73,206,0,60,65,200,1,0,117,206,0,0,109,200,1,0,123,206,0,0,115,200,1,0,0,0,0,0,0,0,0,0,0,0,0,0,0,0,0,0,0,0,0,0,0,0,0,0,0,0,0,0,0,0,0,0,0,0,0,0,0,0,0,0,0,0,0,0,0,0,0,0,0,0,0,0,0,0,0,0,0,0,0,0,0,0,0,0,0,0,0,0,0,0,0,0,0,0,0,0,0,0,0,0,0,0,0,0,0,0,0,1,1,0,5,6,183,16,76,63519,3
25,72,34,0,25,80,48,0,25,88,50,0,9,72,14,0,9,80,32,0,9,88,12,1,96,249,194,32,96,1,190,33,96,44,218,0,96,36,216,1,96,61,154,32,96,69,142,33,63,5,204,0,63,253,198,1,76,147,204,0,76,139,198,1,0,123,206,0,0,115,200,1,0,0,0,0,0,0,0,0,0,0,0,0,0,0,0,0,0,0,0,0,0,0,0,0,0,0,0,0,0,0,0,0,0,0,0,0,0,0,0,0,0,0,0,0,0,0,0,0,0,0,0,0,0,0,0,0,0,0,0,0,0,0,0,0,0,0,0,0,0,0,0,0,0,0,0,0,0,0,0,0,0,0,0,0,0,0,0,0,1,1,0,5,6,193,16,76,7574,3
25,72,34,0,25,80,48,0,25,88,50,0,9,72,14,0,9,80,32,0,9,88,12,1,96,12,218,0,96,4,216,1,96,48,154,0,96,40,142,1,66,115,206,0,66,107,200,1,64,173,114,32,64,165,114,1,0,144,204,0,0,136,198,1,0,123,206,0,0,115,200,1,0,0,0,0,0,0,0,0,0,0,0,0,0,0,0,0,0,0,0,0,0,0,0,0,0,0,0,0,0,0,0,0,0,0,0,0,0,0,0,0,0,0,0,0,0,0,0,0,0,0,0,0,0,0,0,0,0,0,0,0,0,0,0,0,0,0,0,0,0,0,0,0,0,0,0,0,0,0,0,0,0,0,0,0,0,0,0,0,1,1,0,5,6,230,16,76,15821,3
24,89,50,0,24,73,34,0,24,81,48,0,8,89,28,0,8,81,32,0,8,73,30,1,41,109,158,0,41,101,156,1,80,80,202,0,80,72,198,1,64,138,100,96,64,130,116,97,0,142,114,96,0,134,114,65,0,162,116,16,0,154,100,17,0,123,206,0,0,115,200,1,0,0,0,0,0,0,0,0,0,0,0,0,0,0,0,0,0,0,0,0,0,0,0,0,0,0,0,0,0,0,0,0,0,0,0,0,0,0,0,0,0,0,0,0,0,0,0,0,0,0,0,0,0,0,0,0,0,0,0,0,0,0,0,0,0,0,0,0,0,0,0,0,0,0,0,0,0,0,0,0,0,0,0,0,0,0,0,0,1,1,0,5,6,138,16,77,24772,3
24,130,50,0,24,114,34,0,24,122,48,0,8,130,28,0,8,122,32,0,8,114,30,1,27,69,158,0,27,61,156,1,96,12,154,0,96,4,142,1,75,80,204,0,75,72,198,1,64,138,116,0,64,130,100,1,0,162,116,16,0,154,100,17,0,123,206,0,0,115,200,1,0,0,0,0,0,0,0,0,0,0,0,0,0,0,0,0,0,0,0,0,0,0,0,0,0,0,0,0,0,0,0,0,0,0,0,0,0,0,0,0,0,0,0,0,0,0,0,0,0,0,0,0,0,0,0,0,0,0,0,0,0,0,0,0,0,0,0,0,0,0,0,0,0,0,0,0,0,0,0,0,0,0,0,0,0,0,0,0,1,1,0,5,6,96,16,118,24635,3
48,119,34,32,48,111,48,32,48,103,50,32,32,119,14,32,32,111,32,32,32,103,12,33,38,31,158,0,38,23,156,1,96,248,154,32,96,0,142,33,72,80,206,0,72,72,200,1,64,138,114,32,64,130,114,1,0,162,116,16,0,154,100,17,0,123,206,0,0,115,200,1,0,0,0,0,0,0,0,0,0,0,0,0,0,0,0,0,0,0,0,0,0,0,0,0,0,0,0,0,0,0,0,0,0,0,0,0,0,0,0,0,0,0,0,0,0,0,0,0,0,0,0,0,0,0,0,0,0,0,0,0,0,0,0,0,0,0,0,0,0,0,0,0,0,0,0,0,0,0,0,0,0,0,0,0,0,0,0,0,6,1,0,5,6,230,39,107,24580,1
25,120,34,0,25,128,48,0,25,136,50,0,9,120,14,0,9,128,32,0,9,136,12,1,96,7,152,0,96,255,140,1,80,80,202,0,80,72,198,1,64,138,100,96,64,130,116,97,0,138,114,96,0,130,114,65,0,162,116,16,0,154,100,17,0,123,206,0,0,115,200,1,0,0,0,0,0,0,0,0,0,0,0,0,0,0,0,0,0,0,0,0,0,0,0,0,0,0,0,0,0,0,0,0,0,0,0,0,0,0,0,0,0,0,0,0,0,0,0,0,0,0,0,0,0,0,0,0,0,0,0,0,0,0,0,0,0,0,0,0,0,0,0,0,0,0,0,0,0,0,0,0,0,0,0,0,0,0,0,0,6,1,0,5,6,70,16,124,24635,3
55,127,34,0,55,135,48,0,55,143,50,0,39,127,14,0,39,135,32,0,39,143,12,1,96,2,154,32,96,10,142,33,64,80,206,0,64,72,200,1,64,138,114,96,64,130,114,65,0,138,114,96,0,130,114,65,0,162,116,16,0,154,100,17,0,123,206,0,0,115,200,1,0,0,0,0,0,0,0,0,0,0,0,0,0,0,0,0,0,0,0,0,0,0,0,0,0,0,0,0,0,0,0,0,0,0,0,0,0,0,0,0,0,0,0,0,0,0,0,0,0,0,0,0,0,0,0,0,0,0,0,0,0,0,0,0,0,0,0,0,0,0,0,0,0,0,0,0,0,0,0,0,0,0,0,0,0,0,0,0,6,1,0,5,6,248,46,131,24796,5
50,138,42,0,34,138,42,64,50,130,62,0,50,122,46,0,34,130,60,0,34,122,44,1,80,80,202,0,80,72,198,1,0,106,130,1,0,162,130,1,0,80,202,0,0,72,198,1,0,80,202,0,0,72,198,1,0,162,116,16,0,154,100,17,0,123,206,0,0,115,200,1,0,0,0,0,0,0,0,0,0,0,0,0,0,0,0,0,0,0,0,0,0,0,0,0,0,0,0,0,0,0,0,0,0,0,0,0,0,0,0,0,0,0,0,0,0,0,0,0,0,0,0,0,0,0,0,0,0,0,0,0,0,0,0,0,0,0,0,0,0,0,0,0,0,0,0,0,0,0,0,0,0,0,0,0,0,0,0,0,6,6,0,5,6,84,64,130,24820,9
